3536433883
574169528
2960295861
3186622104
2139420370
3512422617
1335196859
3844116889
2643492411
3421800787
3008074593
2760900942
1349405127
1599192483
443199655
658486493
2255720551
4096772546
2637325689
4290993196
2764040342
4218858041
3939724998
849273984
2774273565
3982705741
2085207214
3957752930
1901295011
2346791843
2260786751
3679742843
3346545783
4212599844
1385694752
3421719053
1961490387
3931996639
3352152045
2224692979
2391566213
3401755640
1491845202
364849647
3579294671
2766818331
272875634
1041259296
2183156749
1385660866
1563448280
2147646822
198227995
3931412318
880394229
1189543990
1210776055
4127316873
992007455
1749900522
435073098
3124007857
2420269087
3854283489
1633728701
843084210
927758889
2991722274
2120163654
2837880907
1834431075
4028569114
263569578
1458580664
2324978933
3165067665
3054140334
2682373157
3147551190
2548872857
3061204970
2298340037
803846367
2122268180
1633088175
642254666
316821355
3576791970
1583927244
705481473
3271349141
2243027259
3127356802
3028246539
4081369262
1235424430
2918109279
335676997
822183656
1304476591
749017194
1948800373
3600076802
112587870
3244455705
1559877455
3862939377
1955140977
509142621
225701419
1037959939
1963097452
2776279159
2466349059
3938701829
641738218
809771460
2151867504
451517666
337898029
1397218047
2514350835
3549658230
2245975286
2753664385
2580857590
1411411992
3357919253
1703652290
885145390
3303518869
2211198028
955110110
4014995955
3476630081
2429517029
1502546077
570834397
1183978315
2689347545
3500297419
226891127
1864765349
3809340553
1786633511
93766966
2636125823
1708230806
1547037992
1871951937
3453595651
2449563043
545932805
1811958462
3894776508
897540404
1926988205
4287657998
503290405
251882991
2670347463
3292743078
3714196792
3125005825
426456219
3806335495
3560269289
3461032978
1203202886
56077382
3611749809
3186623099
776524599
1921834916
855626485
1707342652
1197945194
2098864720
323213888
2983652889
546699739
3044059225
3478011460
2141944468
2529825682
1167587510
3891993173
1649225116
2490417497
1439838700
2364226072
1973334974
1085105660
2515852455
2827908532
3429697327
4049454178
1597273676
4188663156
3537360145
3728417273
3667748298
1761664867
334268050
71520513
2319047052
2943615987
1888204662
597741901
1258616485
2133500078
1441129790
2686491790
3037375712
176003217
887619182
1641040084
1296551777
1194010148
1827271602
1530074566
2297859276
1546802122
396939084
2343204036
1138313808
1748412823
820361424
2743512268
924276992
3608605822
3705308580
22295845
3289251164
737393472
2464697788
897097276
4148774109
4111276655
371447606
756799633
2248545387
1061608259
1728828618
3132008739
3801706297
1145477906
756914924
1798495144
1853003425
1783407869
2978087112
2256263194
261197199
3085903000
3724982372
1028144372
3566999046
3563120000
989870482
1479457942
1053109417
154517718
3738557159
2269675530
1127480546
2921975295
1831144540
485479156
943210922
430778346
3716815679
1750214671
1527451957
843508347
936592714
550026459
4260869550
487786638
3097985027
1278157310
907199285
1406143757
2789654129
2918096419
2129362430
2404859346
2481126374
1620960192
1391190636
980817818
2033382965
2384149634
1015596848
2095682413
3699681527
3354937090
1667451288
2095841616
4218762773
31133261
4290620932
2685052883
3281031832
2419933373
1757083439
3578694546
2877233585
841430145
2071854135
1461651878
1518968361
1566689738
3695068409
114932498
3294775413
2450875218
1587836246
33520135
1578673165
609446951
3980864180
1986273796
226159397
2514216965
106647317
835550437
1984371762
617370592
3515401855
1359231917
2725000868
2543274346
958662287
61333700
3411514014
3102785415
992889391
3456161908
2450561683
2166113972
381044542
195976453
3872558340
1784657137
1868696185
2457290567
788430752
2800310038
2571926042
2943028084
737973773
3670378193
626203945
3402379938
4168216565
2984932190
4202314442
3013137757
1872067567
1654557219
2899716175
2592581417
3244209795
2506878144
1459145955
1016614128
3413909575
1119353810
1735211267
3120756379
3772115857
2322409675
3375089007
1924121315
3421891744
3033311075
3476811510
1816924021
281444156
3016308714
3572587453
118721474
3509344097
3524670915
1149363881
1348364715
842293435
237728684
3646166248
2030163178
4256412199
3983392186
2270104698
1772805665
2315186548
304093739
1593748557
1718726298
3366618845
2472647849
3539412894
3834743023
856696660
1374411091
2455042823
3614831101
3030088348
1937752737
3147267086
4277880144
2448548439
3975796378
1879316129
3949234665
1458744232
3225457701
967197468
4268342134
3859714301
2534956621
1418828054
1085721815
2589526710
3858029423
2984335312
3301395805
1961391083
3056832295
3986873837
703041275
3246747755
3200643355
2882608971
1157037022
2681831195
935585708
2022117605
966886628
1185951482
1446018697
2913269971
4212536554
1405203685
1730878509
2835654774
3095700934
30449062
243130246
3985835304
1911622992
3164873680
4144598130
3488187202
1940703651
631897715
2889271849
46280878
2984767203
2035135323
1869915771
2797290512
1013239055
1952634354
3041724609
3839242833
282111033
2000658163
2583035662
226507732
971730465
703215541
3164727871
2651128422
1953154958
433984591
3139411072
2494022260
342628360
1314127701
3916885800
1713021499
153863520
1849121948
838446639
4045229170
206054283
2209006858
580870169
1936475032
1940491905
4171749360
1281861230
482228565
1298365926
4040009949
2894050068
647849179
2039557069
3898134211
2130988910
129765662
1289478030
522440767
3690997955
3091496701
3504491013
3142621683
1975993271
3192668326
1070913802
1249356710
2418577395
3459768721
2605289938
1743774831
2770322099
3325533211
1916248226
4063576974
1830706429
146769753
1377026276
1076829831
718497049
2046205034
1751054039
454703286
3906156568
2506395433
1503233749
494970857
1204934921
1042689447
2448656203
1751913601
2353674951
1148189184
1499431917
1420375951
3453610824
3090088244
17525995
3177948368
4116705077
95066965
2821421943
2865669551
3911700435
3850630315
64121779
3870878474
1290115619
1797339947
350577839
2947664646
680843715
3450335982
3641087282
1913045429
3565016487
1171022143
3435872379
592862656
4135424851
1693664709
2159137813
1383978044
1111625434
2322360736
619511410
3488875896
2277344575
3296405093
2694089090
2215372296
2117461791
317681354
1569332536
1240169816
232250278
2846557232
70918342
1250191872
1904797174
94196954
3652011361
1139755096
503317643
3612287323
2720649677
4164791186
553093722
3327488663
802183190
2476919117
1529255871
3404144205
2844976298
2712909930
2535122976
2827504806
2964667999
4228086055
569528761
472160368
2599912921
2958940515
2256037354
3823046563
3586557832
4128796725
2237641730
486341014
959351368
3530098589
794167728
747398857
487801309
3439281438
1603952782
3488507999
3366197015
1270742869
2214381170
621950127
59406289
3094281792
1366505399
2815560352
1038384970
589670592
3731783711
1249330062
693326421
684997283
893913069
109432517
567146823
3714889048
1917699599
3372658944
1494209279
1673369208
341674912
340307948
3910189749
2873533509
2666050054
649410811
2154922438
2204106643
2970475774
3707676873
2793219100
2864400818
3737308325
2877273158
2168192643
3026652416
1032870798
2986044523
2666185082
2752540437
3605493821
382867790
2992498486
1150930289
1130488841
3871117129
1329742966
143244315
1095103884
1266080349
318804317
1042697004
3592114678
4228387883
1751584434
2854382983
2110949334
3073605472
49912555
369223830
2732051833
2317241495
1479817427
407106502
2129675014
4172366010
83140788
1377187544
2582094496
3230069967
60496416
1889793110
4255643497
2176203474
937390863
842529402
2636672886
3141662075
4012357455
4043183393
2077611133
4206102429
209381649
3029260443
4171659948
3665925180
2952451265
3590013820
3521244151
2867760740
3485862470
1644987202
1904188133
300637450
2419093312
3974394651
3242393355
993258798
2007104251
1911006517
1970591539
1175011147
1715263715
260974207
2637805723
4260728563
989686512
2097444873
1928299918
320923722
2319005660
2666660643
3323263712
1167431389
2574487869
4157811719
3907639778
1539496460
2734478619
2498321559
3182403689
3182852280
281522343
3980786206
2067520954
4113357460
4154678463
4105164159
4281425399
597244710
1226734660
719592043
3332535239
2576815110
499453116
1300047949
314158184
4233727114
503251795
577655769
1167622690
2424106957
3528715246
4080969959
2695688999
28881507
880020774
2842425320
1790997571
2786829326
3443330765
787842078
1421402092
3639719128
1216235572
3444361630
2522557184
2969773765
1825635530
266239339
4105023772
3311877820
2480587988
3332964024
2297136979
2296858031
3931757155
2856358059
4087279355
668223921
642558638
206102232
794246968
2672261066
172016807
1740842059
1468809193
2846225891
566095930
1163716060
424679742
3302342523
4094952709
3207255973
484074233
3040795120
3856004456
2231726248
2124822110
617089119
2126849969
2751305292
177342920
1421062931
1500722409
564304986
2118114449
1956092399
3711110055
2472266390
3827400722
3329494900
1447326385
976932530
2154778512
1655830676
580407853
2092984294
2464616810
2334273934
1017511146
1352242820
3524930614
1542892652
2942033668
3042751870
1312257816
3811444620
3922171274
947062014
3496339882
726544763
4264275431
666494649
3994915777
2326146804
454639082
2643864813
267238311
2069196279
1767947834
33178811
3763239268
3613892622
2021437845
791465823
3746007600
3569129141
2265664792
2175746125
2567851755
1983107250
3031897454
425829591
3334785310
2233884055
1433389694
3435448556
81017873
3145270932
196538753
1240770958
435246623
296154387
2948104346
153553071
1558312563
2581462167
4281306341
3151933458
1327455394
2273152584
1012730243
2658438776
4005459177
4054545666
2865800969
2090201258
1198669085
2692493516
2802299951
587333611
1630978625
982570724
2742784689
2897201716
2859274402
3118905072
891998423
704959323
2243666194
1832276389
1794044718
1838975943
407158451
266520713
1881094142
1551928218
2858744306
2698307469
2442879023
275797613
422029223
2279834259
1424349250
1395000531
2837167426
2479591401
646837583
2351007567
847658735
3516069481
3973613581
2515874940
4038162305
1506568472
2502985598
2655272148
3331121008
3363492183
4289805308
381225725
554212767
4232319918
3281159175
3155929352
1543725241
4092390864
3266753085
1410558936
1683189127
1741418115
457789978
3903883629
2945819664
3193920446
3526910607
3491740982
351144579
2816696736
2247023546
3623446514
2080838428
1987038106
3765774388
164306464
1393869786
1973500575
2212663199
168475402
3602935958
1395929683
1665814032
927959488
3010229524
1237965694
808174499
2595967462
96397491
1838478885
811098426
505821154
1582653895
2558676429
1139380986
1202951152
2875938018
1014627846
1684982316
347481448
3286388602
374704016
1691805321
240210437
948276908
161513582
2938761812
1714754014
3900473921
387291174
2456004182
2409016957
3564903619
424580575
1911264970
3946848823
